# keyframe format v1
fps 0
0
277
418
568
664
775
815
959
1078
1225
1432
1576
1673
1715
1727
1745
1876
1959
2048
2168
2252
2330
2416
2482
2581
2641
2756
2775
2792
2852
2941
2942
2979
2983
2984
2985
2986
3020
3076
3077
3079
3127
3128
3145
3160
3171
3220
3252
3333
3342
3367
3396
3420
3428
3434
3456
3472
3477
3488
3492
3513
3569
3590
3606
3613
3622
3627
3629
3635
3643
3667
3677
3682
3693
3704
3723
3810
3851
3874
3875
3888
3895
3907
3956
3982
3986
4001
4012
4013
4039
4060
4075
4089
4101
4110
4125
4129
4156
4168
4191
4198
4205
4213
4285
4286
4287
4302
4384
4426
4468
4552
4631
4662
4697
4722
4752
4782
4806
4854
4892
4947
5072
5186
5336
5402
5450
5522
5526
5552
5640
5808
5910
6071
6146
6221
6317
6331
6351
6352
6354
6355
6357
6451
6487
6489
6499
6505
6531
6571
6585
6677
6743
6803
6845
6872
6942
6959
6995
7009
7062
7128
7184
7274
7340
7430
7526
7670
7712
7826
8018
8083
8131
8254
8452
8584
8674
8722
8794
8842
8908
8974
9016
9072
9095
9162
9276
9390
9510
9621
9745
9886
9952
10018
10067
10112
10239
10317
10395
10509
10665
10803
10869
10917
11048
11186
11213
11234
11354
11405
11471
11603
11657
11747
11813
11867
11921
11999
12070
12235
12307
12361
12409
12496
12670
12808
12910
12976
13071
13149
13209
13263
13353
13440
13482
13614
13674
13800
13908
14027
14093
14141
14195
14291
14381
14501
14555
14615
14711
14789
14819
14837
14879
14921
15005
15154
15328
15388
15490
15586
15664
15772
15826
15834
15838
15874
15904
15982
16018
16053
16138
16264
16294
16328
16373
16427
16493
16586
16695
16797
16828
16835
16836
16839
16893
16989
16995
17005
17023
17036
17156
17234
17306
17348
17378
17416
17444
17450
17468
17498
17534
17561
17564
17565
17570
17588
17642
17666
17738
17792
17864
17896
17924
17996
18085
18111
18117
18127
18187
18253
18379
18493
18589
18649
18667
18727
18769
18823
18847
18877
18907
18937
18985
19068
19164
19230
19296
19362
19410
19458
19596
19686
19836
19980
20030
20114
20167
20172
20175
20222
20252
20318
20386
20452
20524
20590
20632
20668
20766
20814
20880
20959
20987
21023
21111
21322
21417
21465
21603
21717
21945
22076
22181
22331
22403
22433
22451
22541
22595
22691
22826
22952
23065
23170
23296
23344
23416
23554
23596
23641
23656
23810
23870
23912
24055
24211
24247
24336
24343
24397
24499
24661
24721
24802
24856
24916
25012
25173
25251
25329
25371
25443
25563
25647
25683
25707
25737
25803
25867
26034
26286
26442
26526
26568
26640
26676
26826
26892
26982
27029
27113
27179
27240
27245
27407
27623
27725
27785
27851
27911
27977
28072
28162
28228
28348
28588
28675
28764
28900
28919
29248
29552
29553
29554
29602
29644
29716
29757
29800
29884
30025
30050
30158
30316
30360
30403
30963
31031
31108
31175
31251
31326
31393
31394
31404
31410
31451
31470
31473
31544
31613
31614
31644
31648
31668
31699
31760
31766
31769
31843
31852
31857
31866
31883
31898
31983
32013
32137
32144
32162
32248
32468
32586
32713
