# keyframe format v1
fps 0
0
180
215
247
272
326
417
554
607
691
800
883
994
1112
1289
1432
1564
1723
1895
1985
2253
2313
2388
2432
2463
2487
2511
2531
2556
2587
2673
2739
2835
2928
3001
3085
3188
3293
3410
3516
3681
3750
3822
3879
3917
3924
3963
4005
4031
4097
4156
4243
4273
4408
4459
4498
4594
4663
4707
4726
4743
4803
4882
4883
4920
4924
4925
4926
4927
4961
5017
5018
5020
5068
5069
5086
5101
5112
5157
5193
5274
5283
5308
5337
5361
5369
5375
5397
5413
5418
5429
5433
5454
5510
5531
5547
5554
5563
5568
5570
5576
5584
5608
5618
5623
5634
5645
5664
5751
5765
5815
5816
5829
5836
5848
5897
5923
5927
5942
5953
5954
5980
6001
6016
6030
6042
6051
6066
6070
6097
6109
6132
6139
6146
6154
6226
6227
6228
6243
6336
6470
6539
6638
6674
6764
6993
7068
7173
7350
7419
7655
7867
7911
7955
7999
8146
8218
8329
8500
8611
8716
8821
8958
9090
9227
9297
9415
9505
9541
9674
9710
9842
10001
10082
10139
10215
10421
10543
10604
10787
10802
10820
10895
11042
11084
11166
11238
11328
11433
11511
11583
11652
11826
11880
11994
12069
12269
12362
12497
12623
12821
12889
12937
13000
13191
13233
13380
13480
13609
13684
13956
14103
14245
14335
14391
14553
14757
14928
15063
15259
15388
15637
15817
15851
15950
16027
16081
16184
16283
16335
16377
16404
16488
16684
16771
16857
16927
17003
17131
17229
17286
17385
17517
17616
17731
17860
17929
18037
18123
18248
18389
18578
18803
18914
18970
19032
19095
19205
19298
19349
19424
19493
19580
19703
19772
19837
19838
19839
19840
19943
20096
20134
20277
20350
20436
20583
20655
20775
20922
21033
21126
21245
21362
21431
21487
21559
21628
21737
21943
22057
22144
22245
22293
22392
22461
22521
22611
22813
23073
23150
23258
23327
23346
23368
23396
23426
23528
23594
23672
23795
23861
23924
24053
24268
24427
24551
24804
24876
25083
25101
25273
25638
25656
25760
25898
25955
26179
26261
26426
26528
26591
26692
26788
26848
26884
26941
27071
27104
27316
27406
27653
27739
27846
27969
27979
28078
28114
28164
28191
28230
28253
28277
28293
28302
28308
28523
28589
28685
28760
28841
28922
29021
29120
29184
29328
29415
29492
29560
29641
29685
29758
29788
29857
29998
30069
30138
30250
30302
30317
30344
30371
30389
30419
30461
30486
30536
30549
30573
30648
30693
30725
30769
30786
30858
30939
30959
31016
31052
31079
31150
31249
31323
31391
31468
31535
31611
31686
31753
31754
31770
31811
31830
31833
31904
31973
31974
32004
32008
32028
32059
32120
32126
32129
32203
32212
32217
32226
32243
32258
32343
32373
32497
32504
32522
32608
32828
32946
33073
