# keyframe format v1
fps 0
0
192
360
437
581
734
833
989
1043
1121
1165
1284
1311
1431
1503
1572
1638
1723
1837
1945
2180
2251
2270
2287
2347
2447
2448
2485
2489
2490
2491
2492
2526
2582
2583
2585
2633
2634
2635
2665
2677
2726
2758
2831
2848
2873
2902
2926
2934
2940
2962
2978
2983
2994
2998
3019
3075
3096
3112
3119
3128
3133
3135
3141
3149
3173
3183
3188
3199
3210
3229
3316
3357
3380
3381
3394
3401
3413
3462
3488
3492
3507
3518
3519
3545
3566
3581
3595
3607
3616
3631
3635
3662
3674
3697
3704
3711
3719
3791
3792
3793
3808
3903
4043
4100
4171
4326
4473
4547
4559
4652
4829
4925
4975
5013
5170
5373
5477
5544
5703
5778
5930
5984
6059
6154
6190
6283
6370
6422
6530
6713
6770
6908
6995
7073
7126
7182
7369
7483
7606
7648
7765
7840
7942
8029
8080
8134
8166
8229
8286
8343
8406
8499
8559
8616
8667
8741
8851
8901
8967
8999
9047
9095
9145
9168
9176
9177
9178
9203
9205
9244
9255
9287
9332
9479
9518
9578
9602
9699
9774
9915
10080
10172
10253
10376
10420
10477
10574
10643
10712
10796
10831
10934
10977
11019
11085
11171
11328
11435
11585
11708
11798
11918
12062
12208
12295
12430
12583
12658
12766
12865
12931
12982
13075
13170
13307
13373
13454
13520
13547
13549
13601
13709
13803
13887
13974
14001
14037
14091
14142
14257
14326
14383
14545
14741
14899
14995
15067
15118
15327
15408
15473
15620
15701
15731
15797
15884
15974
16058
16264
16396
16438
16492
16564
16645
16750
16964
17062
17128
17274
17391
17538
17697
17757
17919
18036
18066
18184
18376
18535
18724
18847
18994
19061
19230
19404
19527
19623
19746
19836
20124
20240
20288
20447
20525
20588
20651
20972
21129
21209
21290
21545
21785
21833
21884
21983
22124
22213
22415
22476
22542
22627
22768
22828
22854
23007
23230
23359
23534
23633
23690
23720
23852
23969
24059
24092
24232
24373
24430
24598
24742
24799
24874
24950
25014
25092
25131
25205
25253
25382
25439
25514
25538
25595
25658
25844
25877
25898
25961
26036
26218
26290
26371
26488
26545
26611
26650
26692
26770
26860
26905
26932
26975
27110
27163
27203
27226
27271
27322
27397
27451
27489
27540
27588
27636
27717
27804
27849
27888
27936
27987
28053
28092
28149
28187
28226
28283
28354
28402
28444
28474
28507
28523
28544
28574
28589
28599
28600
28601
28626
28628
28666
28681
28720
28741
28798
28855
28893
28914
28945
28953
29040
29195
29312
29429
29488
29518
29650
29725
29806
29923
30013
30100
30127
30174
30258
30321
30351
30369
30440
30478
30546
30623
30690
30766
30841
30908
30909
30925
30966
30985
30988
31059
31092
31128
31129
31159
31163
31183
31214
31275
31281
31284
31358
31367
31372
31381
31398
31413
31498
31528
31652
31659
31677
31763
31983
32101
32228
