# keyframe format v1
fps 0
0
342
376
408
438
456
570
744
870
990
1103
1151
1205
1271
1319
1458
1569
1752
1910
2086
2205
2301
2430
2496
2580
2599
2616
2676
2745
2746
2783
2787
2788
2789
2790
2824
2880
2881
2883
2931
2932
2949
2964
2975
3024
3056
3137
3146
3171
3200
3224
3232
3238
3260
3276
3281
3292
3296
3317
3373
3394
3410
3417
3426
3431
3433
3439
3447
3471
3481
3486
3497
3508
3527
3614
3655
3678
3679
3692
3699
3711
3760
3786
3790
3805
3816
3817
3843
3864
3879
3893
3905
3914
3929
3933
3960
3972
3995
4002
4009
4017
4089
4090
4091
4106
4199
4351
4453
4558
4633
4831
5023
5118
5319
5433
5471
5561
5609
5648
5684
5716
5775
5950
6207
6338
6500
6686
6764
6866
7016
7115
7229
7427
7505
7637
7685
7733
7848
7852
7854
7859
7888
7901
7933
7967
8006
8038
8181
8241
8294
8358
8504
8573
8741
8814
8815
8821
8824
8825
8876
8912
8936
8972
8980
8996
9008
9037
9119
9262
9370
9442
9520
9574
9760
9862
10047
10071
10149
10236
10371
10503
10593
10635
10713
10890
10950
11022
11063
11087
11129
11180
11217
11223
11265
11313
11337
11345
11464
11468
11479
11480
11486
11489
11492
11535
11577
11613
11643
11685
11697
11781
11865
11997
12110
12191
12257
12325
12361
12406
12439
12493
12538
12577
12619
12661
12709
12740
12788
12872
13022
13099
13213
13297
13399
13477
13573
13624
13755
13797
13839
13887
13971
14042
14090
14132
14228
14276
14318
14372
14438
14498
14573
14684
14762
14906
14984
15010
15079
15093
15169
15267
15344
15380
15410
15443
15482
15518
15560
15578
15602
15704
15896
15962
16057
16087
16174
16219
16267
16314
16368
16422
16482
16548
16632
16710
16788
16824
16872
17015
17062
17110
17164
17302
17350
17566
17656
17746
17875
17989
18108
18336
18503
18623
18854
19004
19087
19166
19346
19488
19590
19659
19761
19860
19956
20050
20098
20122
20161
20209
20263
20317
20422
20560
20698
20818
20848
20896
20962
20998
21039
21081
21165
21195
21219
21261
21303
21345
21558
21600
21714
21786
21840
21890
21944
22010
22039
22150
22306
22366
22414
22468
22516
22612
22672
22753
22758
22762
22763
22764
22804
22906
22956
22987
23026
23073
23130
23244
23273
23322
23359
23400
23445
23475
23499
23523
23547
23571
23627
23675
23729
23742
23745
23792
23822
23864
23902
23933
24011
24088
24117
24166
24236
24281
24330
24391
24421
24453
24480
24489
24519
24555
24573
24641
24789
24909
25016
25117
25206
25264
25295
25326
25327
25328
25343
25350
25392
25446
25488
25611
25680
25774
25855
25918
25954
25990
26031
26070
26106
26136
26184
26193
26200
26232
26276
26310
26344
26398
26446
26548
26626
26681
26724
26824
26860
26876
26927
26957
27011
27046
27078
27108
27138
27166
27208
27253
27319
27415
27463
27473
27507
27549
27596
27644
27698
27734
27770
27800
27909
27913
27981
28058
28125
28201
28276
28343
28344
28354
28360
28401
28420
28423
28494
28563
28564
28594
28618
28649
28710
28716
28719
28793
28802
28807
28816
28833
28848
28933
28963
29087
29094
29112
29198
29418
29536
29663
