# keyframe format v1
fps 0
0
43
82
114
167
239
314
413
460
505
552
593
620
665
713
830
908
955
1050
1115
1177
1246
1360
1471
1561
1748
1880
1917
2046
2127
2231
2360
2453
2522
2591
2648
2667
2684
2743
2839
2840
2877
2881
2882
2883
2884
2918
2974
2975
2977
3025
3026
3043
3058
3069
3118
3150
3223
3240
3265
3294
3318
3326
3332
3354
3370
3375
3386
3390
3411
3467
3488
3504
3511
3520
3525
3527
3533
3541
3565
3575
3580
3591
3602
3621
3708
3722
3772
3773
3786
3793
3805
3854
3880
3884
3899
3910
3911
3937
3958
3973
3987
3999
4008
4023
4027
4054
4066
4089
4096
4103
4111
4183
4184
4185
4200
4294
4433
4547
4636
4780
4807
4856
4908
4953
5037
5153
5342
5504
5586
5811
5877
5887
6000
6125
6226
6319
6647
6734
6881
7022
7127
7232
7310
7364
7520
7589
7706
7754
7814
7818
7866
7959
8043
8174
8198
8417
8592
8733
8788
8932
9084
9425
9677
9900
9957
10137
10205
10340
10535
10694
10926
10989
11046
11243
11311
11458
11608
11737
11780
11822
11960
12228
12334
12538
12641
12704
12884
12971
12980
12983
12986
12998
13028
13049
13165
13303
13420
13567
13726
13840
13926
14088
14210
14375
14480
14804
14891
14999
15092
15196
15283
15415
15469
15532
15680
15719
15764
15921
15990
16098
16146
16205
16268
16394
16469
16565
16639
16966
17110
17214
17310
17736
17964
18143
18217
18280
18459
18487
18556
18676
18856
18943
19021
19093
19170
19257
19353
19524
19647
19794
19857
19980
20067
20139
20172
20206
20352
20447
20531
20628
20741
20961
21066
21188
21359
21431
21554
21599
21797
21865
22012
22161
22290
22380
22440
22483
22525
22599
22630
22724
22769
22862
22880
22941
23048
23096
23132
23170
23211
23247
23277
23322
23358
23387
23460
23514
23550
23649
23709
23773
23842
23911
23971
24034
24082
24141
24242
24341
24509
24638
24680
24698
24728
24818
24884
24929
25015
25170
25275
25386
25416
25470
25527
25602
25647
25689
25794
25950
25986
26004
26025
26148
26210
26258
26303
26361
26391
26406
26421
26507
26582
26663
26720
26765
26881
26969
27053
27205
27364
27469
27514
27559
27622
27727
27817
28035
28226
28308
28490
28682
28829
28970
29075
29117
29269
29398
29527
29650
29743
29776
29830
29917
30045
30088
30136
30174
30423
30492
30543
30590
30626
30732
30807
30837
30915
30969
31035
31086
31146
31229
31352
31415
31496
31553
31601
31643
31682
31733
31792
31878
31946
32023
32090
32166
32241
32308
32309
32319
32325
32366
32385
32388
32459
32528
32529
32559
32583
32614
32675
32681
32684
32758
32767
32771
32772
32781
32798
32813
32898
32928
33052
33059
33077
33163
33383
33501
33628
