# keyframe format v1
fps 0
0
178
255
417
456
718
888
1119
1143
1146
1173
1176
1177
1203
1233
1263
1293
1323
1351
1435
1524
1610
1685
1747
1801
1832
1901
1994
2089
2161
2257
2317
2371
2393
2459
2582
2699
2761
2797
2845
2881
2911
2959
3042
3132
3177
3273
3315
3381
3432
3585
3588
3589
3590
3648
3793
3880
3910
4119
4120
4157
4161
4162
4163
4164
4198
4254
4255
4257
4305
4306
4323
4338
4349
4394
4430
4503
4520
4545
4574
4598
4606
4612
4634
4650
4655
4666
4670
4691
4747
4768
4784
4791
4800
4805
4807
4813
4821
4845
4855
4860
4871
4882
4901
4988
5029
5052
5053
5066
5073
5085
5134
5160
5164
5179
5190
5191
5217
5238
5253
5267
5279
5288
5303
5307
5334
5346
5369
5376
5383
5391
5463
5464
5465
5480
5573
5692
5773
5881
6010
6096
6153
6306
6387
6456
6561
6615
6645
6699
6804
6879
6902
7036
7095
7194
7416
7566
7668
7740
7866
8001
8102
8228
8345
8500
8605
8674
8716
8758
8899
8989
9129
9243
9273
9381
9621
9642
9912
10075
10113
10240
10306
10451
10523
10646
10787
10991
11086
11158
11221
11330
11432
11515
11544
11612
11654
11699
11792
11955
12152
12229
12283
12327
12385
12427
12469
12562
12601
12709
12775
12838
12886
12955
12994
13069
13171
13324
13411
13467
13563
13626
13704
13776
13860
13900
13930
14085
14159
14245
14390
14581
14671
14866
15097
15184
15296
15377
15527
15581
15671
15761
15827
15875
15921
15974
16147
16210
16276
16399
16550
16697
16751
16817
16877
16997
17039
17082
17125
17168
17242
17296
17362
17386
17428
17500
17583
17637
17670
17700
17724
17747
17781
18203
18482
18599
18719
18908
19054
19150
19264
19446
19566
19701
19847
19940
20256
20361
20481
20645
20900
20978
21091
21223
21454
21693
21875
22006
22143
22314
22515
22596
22967
23116
23209
23312
23430
23517
23595
23745
23850
23958
24041
24167
24236
24321
24405
24484
24531
24550
24567
24627
24769
24817
24916
25012
25084
25097
25175
25223
25271
25367
25442
25535
25758
25833
25947
26030
26097
26177
26393
26492
26675
26822
26918
26987
27034
27112
27259
27442
27509
27625
27814
27880
27940
28043
28207
28351
28432
28480
28533
28617
28797
29296
29398
29704
29746
30022
30156
30252
30348
30498
30522
30542
30572
30596
30614
30674
30764
30815
30896
30959
31285
31384
31450
31601
31721
31767
31768
31770
31985
32290
32452
32487
32540
32596
32643
32832
32925
32982
33059
33134
33254
33588
33633
33704
33811
33897
33966
34076
34112
34244
34403
34463
34501
34502
34570
34647
34714
34790
34865
34932
34933
34943
34949
34990
35009
35012
35083
35116
35152
35153
35183
35207
35238
35299
35305
35308
35382
35391
35396
35405
35422
35437
35522
35552
35676
35683
35701
35787
36007
36125
36252
