# keyframe format v1
fps 0
0
233
295
361
470
539
599
683
719
755
776
863
932
1004
1054
1111
1135
1153
1256
1257
1294
1298
1299
1300
1301
1335
1391
1392
1394
1442
1443
1460
1475
1486
1535
1567
1648
1657
1682
1711
1735
1743
1749
1771
1787
1792
1803
1807
1828
1884
1905
1921
1928
1937
1942
1944
1950
1958
1982
1992
1997
2008
2019
2038
2125
2139
2188
2190
2203
2210
2222
2271
2297
2301
2316
2327
2328
2354
2375
2390
2404
2416
2425
2440
2444
2471
2483
2506
2513
2520
2528
2600
2601
2602
2617
2710
2770
2842
2905
3025
3138
3258
3414
3603
3708
3783
3831
3927
4008
4055
4213
4375
4495
4573
4657
4765
4837
4897
4975
5005
5100
5190
5220
5309
5410
5518
5608
5623
5641
5661
5682
5694
5709
5724
5739
5787
5823
5900
5919
5936
5996
6094
6156
6222
6331
6400
6460
6544
6640
6676
6737
6794
6818
6836
6840
6841
6863
7064
7148
7225
7329
7359
7485
7539
7593
7635
7770
7890
7977
8165
8225
8345
8453
8525
8645
8729
8807
8951
9115
9202
9322
9481
9625
9790
9850
9970
10065
10128
10287
10410
10524
10729
10813
10857
10953
11139
11229
11358
11451
11547
11739
11859
11967
12056
12203
12272
12437
12626
12752
12872
12917
12989
13041
13180
13303
13471
13639
13723
13999
14046
14124
14202
14322
14373
14511
14632
14752
14844
14904
14982
15077
15182
15209
15251
15274
15301
15397
15523
15619
15736
15787
15841
15964
16144
16197
16245
16362
16464
16650
16782
16947
17072
17165
17249
17378
17468
17591
17651
17720
17879
17927
18190
18256
18400
18501
18654
18755
18811
18865
18949
19001
19132
19252
19315
19423
19537
19597
19666
19786
19882
20061
20193
20307
20531
20621
20744
20846
20891
20921
21037
21106
21181
21256
21322
21382
21484
21601
21742
21827
21881
21962
22066
22126
22186
22327
22423
22533
22686
22722
22797
22845
22941
22953
22977
23010
23036
23066
23098
23140
23183
23202
23318
23384
23471
23512
23595
23654
23710
23749
23866
23938
24057
24109
24199
24277
24313
24397
24493
24604
24673
24674
24675
24678
24679
24692
24694
24695
24712
24793
24865
24934
24980
25101
25151
25153
25217
25219
25222
25223
25304
25361
25382
25383
25384
25387
25388
25459
25531
25555
25571
25657
25753
25840
25917
25977
26036
26169
26241
26373
26508
26616
26664
26736
26832
26964
26997
27107
27134
27176
27178
27179
27199
27226
27454
27562
27601
27670
27750
27778
27855
27980
28060
28144
28222
28300
28366
28426
28525
28564
28714
28867
28993
29145
29241
29331
29457
29553
29664
29730
29850
29934
30035
30238
30290
30331
30457
30517
30640
30718
30814
30862
30909
30914
30982
31059
31126
31202
31277
31344
31345
31361
31402
31421
31424
31495
31564
31565
31595
31599
31619
31650
31711
31717
31720
31794
31803
31808
31817
31834
31849
31934
31964
32088
32095
32113
32199
32419
32537
32664
