# keyframe format v1
fps 0
0
61
149
211
290
354
426
486
545
635
680
817
901
1013
1038
1094
1216
1377
1497
1545
1581
1608
1650
1734
1752
1842
1908
1911
1982
2048
2102
2188
2233
2425
2590
2635
2695
2830
2879
2942
2961
2978
3038
3169
3170
3207
3211
3212
3213
3214
3248
3304
3305
3307
3355
3356
3373
3388
3399
3448
3480
3561
3570
3595
3624
3648
3656
3662
3684
3700
3705
3716
3720
3741
3797
3818
3834
3841
3850
3855
3857
3863
3871
3895
3905
3910
3921
3932
3951
4038
4079
4102
4103
4116
4123
4135
4184
4210
4214
4229
4240
4241
4267
4288
4303
4317
4329
4338
4353
4357
4384
4396
4419
4426
4433
4441
4513
4514
4515
4530
4625
4802
4898
5051
5200
5362
5542
5578
5662
5738
5797
5950
6215
6360
6606
6696
6819
6921
6999
7065
7240
7279
7408
7525
7648
7777
7972
8074
8205
8301
8397
8577
8697
8766
8867
8939
8987
9217
9280
9328
9333
9334
9335
9366
9459
9510
9552
9597
9648
9762
9810
10020
10163
10211
10283
10334
10376
10448
10605
10647
10674
10714
10780
10945
11026
11108
11179
11223
11270
11375
11537
11663
11738
11849
11975
12068
12169
12208
12340
12415
12577
12625
12679
12718
12838
12942
12993
13088
13171
13330
13387
13564
13639
13705
13871
14027
14116
14163
14244
14286
14494
14590
14653
14728
14903
15111
15266
15410
15518
15626
15764
15962
16154
16192
16346
16448
16508
16575
16691
16794
16876
17076
17150
17222
17288
17384
17426
17644
17698
17730
17898
18018
18218
18479
18518
18632
18719
18829
18939
18999
19062
19125
19166
19217
19352
19493
19676
19732
19810
19869
19965
20023
20059
20101
20149
20196
20291
20384
20432
20471
20519
20546
20588
20613
20693
20792
20901
20949
20991
21039
21113
21180
21334
21427
21477
21602
21621
21696
21777
21825
21906
21986
22150
22419
22517
22792
22861
23038
23149
23220
23260
23299
23313
23335
23405
23567
23711
23904
23942
24033
24081
24132
24283
24362
24934
25087
25274
25537
25651
25716
25798
25912
25978
26179
26230
26467
26566
26622
26706
26800
26848
26914
26952
26974
26992
27040
27139
27384
27462
27534
27588
27719
27773
28017
28080
28318
28465
28582
28702
28954
29043
29097
29168
29315
29447
29513
29687
29759
29781
29844
29901
30078
30132
30263
30362
30446
30493
30532
30610
30655
30710
30809
30860
30905
30960
30963
31031
31108
31175
31251
31326
31393
31394
31404
31410
31451
31470
31473
31544
31577
31613
31614
31644
31668
31699
31760
31766
31769
31843
31852
31856
31857
31866
31883
31898
31983
32013
32137
32144
32162
32248
32468
32586
32713
