# keyframe format v1
fps 0
0
68
89
140
170
224
260
283
313
343
385
541
577
652
808
898
937
970
1006
1055
1099
1130
1172
1220
1268
1376
1472
1616
1676
1754
1773
1790
1850
1925
1926
1963
1967
1968
1969
1970
2004
2060
2061
2063
2111
2112
2129
2144
2155
2204
2236
2317
2326
2351
2380
2404
2412
2418
2440
2456
2461
2472
2476
2497
2553
2574
2590
2597
2606
2611
2613
2619
2627
2651
2661
2666
2677
2688
2707
2794
2835
2858
2859
2872
2879
2891
2940
2966
2970
2985
2996
2997
3023
3044
3059
3073
3085
3094
3109
3113
3140
3152
3175
3182
3189
3197
3269
3270
3271
3286
3379
3418
3478
3559
3673
3757
3871
3925
4032
4080
4128
4189
4190
4196
4199
4200
4254
4267
4275
4291
4299
4319
4382
4422
4460
4476
4488
4489
4495
4498
4501
4532
4556
4587
4671
4715
4820
4858
4904
4951
5023
5081
5135
5189
5345
5386
5409
5445
5600
5657
5717
5807
5837
5879
5949
5967
6126
6234
6402
6496
6650
6803
6914
7150
7334
7436
7496
7679
7847
7973
8009
8055
8097
8220
8376
8430
8496
8544
8633
8638
8639
8640
8825
8897
8939
9005
9211
9340
9376
9484
9652
9772
9844
10072
10165
10249
10357
10429
10516
10600
10795
10894
10918
10975
11064
11166
11217
11322
11431
11485
11576
11615
11748
11889
11973
12254
12362
12428
12527
12719
12824
12837
12854
13040
13337
13432
13552
13828
13969
14058
14100
14142
14190
14252
14263
14265
14266
14381
14453
14525
14621
14746
14908
14956
14988
15083
15218
15362
15512
15725
15842
15908
15980
16075
16177
16250
16310
16452
16548
16620
16727
16785
16850
16934
17006
17076
17139
17183
17231
17352
17406
17447
17471
17488
17549
17571
17634
17757
17812
17888
18098
18209
18350
18428
18500
18548
18653
18750
18773
18938
19075
19209
19261
19327
19435
19648
19781
19880
20047
20119
20182
20502
20628
20781
20877
21020
21046
21094
21240
21402
21519
21624
21751
21895
21925
22018
22119
22188
22326
22425
22602
22659
22740
22818
22984
23058
23157
23280
23367
23556
23693
23774
23831
23903
23975
24088
24194
24266
24407
24512
24587
24702
24802
24856
25012
25119
25161
25269
25563
25767
25848
25929
26016
26129
26180
26231
26318
26358
26359
26362
26384
26408
26489
26609
26679
26774
26803
26931
26992
27062
27143
27184
27203
27206
27220
27241
27279
27282
27332
27370
27461
27547
27657
27729
27783
27826
27891
28011
28106
28178
28274
28331
28430
28432
28500
28577
28644
28720
28795
28862
28863
28873
28879
28920
28939
28942
29013
29082
29083
29113
29117
29137
29168
29229
29235
29238
29312
29321
29326
29335
29352
29367
29452
29482
29606
29613
29631
29717
29937
30055
30182
