# keyframe format v1
fps 0
0
61
145
267
330
411
468
522
579
618
669
744
780
831
898
934
985
1072
1141
1188
1218
1247
1289
1391
1505
1716
1839
1917
1983
2142
2248
2383
2473
2518
2671
2743
2827
2915
2981
3053
3099
3118
3135
3195
3275
3276
3313
3317
3318
3319
3320
3354
3410
3411
3413
3461
3462
3479
3494
3505
3554
3586
3667
3676
3701
3730
3754
3762
3768
3790
3806
3811
3822
3826
3847
3903
3924
3940
3947
3956
3961
3963
3969
3977
4001
4011
4016
4027
4038
4057
4144
4158
4208
4209
4222
4229
4241
4290
4316
4320
4335
4346
4347
4373
4394
4409
4423
4435
4444
4459
4463
4490
4502
4525
4532
4539
4547
4619
4620
4621
4636
4730
4846
4934
5161
5261
5437
5540
5639
5651
5782
5896
6011
6088
6181
6337
6388
6434
6537
6699
6729
6828
6875
6916
7050
7140
7295
7382
7497
7618
7681
7772
7895
7988
8138
8224
8263
8350
8407
8458
8569
8605
8671
8707
8761
8809
8908
8965
9034
9070
9139
9195
9243
9297
9326
9350
9381
9410
9454
9534
9575
9665
9669
9670
9671
9672
9673
9674
9675
9713
9746
9827
9924
10107
10310
10349
10390
10495
10513
10579
10591
10639
10711
10894
10981
11053
11163
11313
11415
11487
11533
11608
11652
11733
11832
11976
12037
12124
12148
12305
12416
12471
12561
12606
12676
12871
12873
12874
12918
13052
13166
13259
13310
13373
13429
13484
13595
13763
13895
14012
14233
14382
14481
14577
14640
14694
14823
14961
15009
15062
15104
15145
15182
15203
15242
15452
15662
15806
15965
16037
16152
16206
16422
16527
16593
16806
17058
17207
17582
17681
17777
17957
18065
18131
18181
18209
18350
18886
18964
19168
19363
19510
19563
19787
19835
19967
20093
20171
20488
20553
20714
20851
20900
20901
20902
20903
20956
21094
21480
21482
21555
21658
21823
21898
22110
22183
22219
22224
22311
22539
22648
22670
22711
22894
22942
22967
22986
23117
23157
23174
23234
23450
23702
23748
23826
23886
23991
24078
24138
24185
24239
24299
24365
24407
24449
24485
24521
24652
24763
24802
24856
25015
25045
25164
25314
25437
25554
25680
25737
25950
26010
26228
26372
26501
26558
26623
26863
26908
26989
27031
27067
27094
27237
27318
27558
27726
27803
27947
28100
28198
28354
28408
28486
28531
28650
28677
28789
28861
28930
29026
29145
29149
29217
29294
29361
29437
29512
29579
29580
29596
29637
29656
29659
29730
29763
29799
29800
29830
29834
29854
29885
29946
29952
29955
30029
30038
30042
30043
30052
30069
30084
30169
30199
30323
30330
30348
30434
30654
30772
30899
