# keyframe format v1
fps 0
0
50
83
164
254
341
413
473
542
609
755
896
986
1089
1113
1116
1117
1118
1151
1170
1187
1247
1322
1323
1360
1364
1365
1366
1367
1401
1457
1458
1460
1508
1509
1526
1541
1552
1601
1633
1714
1723
1748
1777
1801
1809
1815
1837
1853
1858
1869
1873
1894
1950
1968
1987
1994
2003
2008
2010
2016
2024
2048
2058
2063
2074
2085
2104
2191
2232
2255
2256
2269
2276
2288
2337
2363
2367
2382
2393
2394
2420
2441
2456
2470
2482
2491
2506
2510
2537
2549
2572
2579
2586
2594
2666
2667
2668
2683
2775
2921
2990
3067
3120
3195
3231
3291
3459
3555
3684
3762
3817
3819
3833
3835
3836
3855
3857
3858
3871
3873
3959
4054
4084
4166
4194
4269
4332
4392
4566
4617
4704
4728
4737
4740
4741
4742
4780
4820
4930
5035
5126
5223
5313
5341
5368
5444
5488
5621
5707
5779
5876
5994
6120
6160
6172
6179
6200
6312
6564
6639
6697
6727
6818
6878
6926
6962
7030
7132
7222
7306
7336
7396
7447
7477
7555
7606
7765
7853
7930
8005
8103
8130
8178
8251
8320
8376
8412
8472
8511
8604
8795
8940
9006
9084
9116
9159
9166
9168
9169
9170
9172
9173
9202
9287
9348
9416
9497
9589
9680
9746
9795
9861
9940
10068
10230
10425
10593
10642
10667
10698
10734
10782
10806
10842
10870
10978
11071
11165
11243
11327
11468
11661
11814
11910
12029
12107
12219
12454
12523
12583
12663
12790
12862
13060
13174
13231
13341
13638
13797
13893
14010
14100
14184
14274
14340
14388
14436
14496
14589
14697
14792
14912
15058
15355
15481
15583
15709
15847
15919
16057
16222
16351
16435
16447
16468
16503
16704
16792
16807
16926
17023
17114
17354
17504
17558
17568
17733
17886
18021
18093
18342
18467
18526
18596
18788
18836
18940
19010
19063
19095
19224
19354
19414
19529
19676
19807
19858
20032
20098
20188
20260
20445
20607
20612
20655
20690
20825
20871
21076
21091
21094
21152
21185
21294
21438
21637
21790
21923
22123
22234
22310
22402
22471
22524
22667
22763
22811
22845
22896
22998
23086
23194
23266
23270
23323
23434
23551
23686
23794
23868
23988
24370
24667
24775
24826
24896
24983
25109
25176
25350
25440
25509
25758
25806
25815
25879
25996
26127
26283
26391
26445
26664
26751
26820
26985
27068
27222
27351
27462
27558
27615
27829
28009
28089
28185
28302
28353
28367
28380
28441
28442
28454
28523
28651
28722
28747
29277
29337
29436
29524
29577
29634
29761
29836
29922
29968
30030
30426
30507
30621
30741
30834
30918
30984
31034
31115
31158
31242
31295
31360
31364
31432
31509
31576
31652
31727
31794
31795
31811
31852
31871
31874
31945
32014
32015
32045
32049
32069
32100
32161
32167
32170
32244
32253
32257
32258
32267
32284
32299
32384
32414
32538
32545
32563
32649
32869
32987
33114
