# keyframe format v1
fps 0
0
117
141
198
261
447
485
506
569
632
776
811
868
922
1104
1230
1321
1376
1454
1510
1657
1711
1729
1755
1756
1764
1767
1768
1769
1770
1771
1772
1782
1798
1857
1919
2034
2175
2293
2381
2459
2522
2562
2650
2729
2758
2828
2861
2887
2975
3029
3138
3246
3427
3544
3596
3721
3722
3759
3763
3764
3765
3766
3800
3856
3857
3859
3907
3908
3925
3940
3951
3996
4032
4105
4122
4147
4176
4200
4208
4214
4236
4252
4257
4268
4272
4293
4349
4370
4386
4393
4402
4407
4409
4415
4423
4447
4457
4462
4473
4484
4503
4590
4631
4654
4655
4668
4675
4687
4736
4762
4766
4781
4792
4793
4819
4840
4855
4869
4881
4890
4905
4909
4936
4948
4971
4978
4985
4993
5065
5066
5067
5082
5176
5248
5296
5347
5403
5442
5499
5538
5577
5634
5706
5748
5778
5811
5835
5856
5886
5901
5911
5912
5913
5938
5940
5955
5994
6015
6071
6128
6167
6188
6260
6416
6533
6650
6710
6842
6917
6997
7113
7203
7290
7317
7386
7513
7576
7606
7624
7690
7729
7882
7976
8178
8189
8209
8245
8473
8530
8704
8851
8977
9030
9126
9240
9399
9515
9631
9678
9785
9907
10143
10316
10429
10493
10691
10870
10957
11466
11612
11647
11749
12040
12282
12400
12447
12544
12616
12682
13335
13454
13523
13622
13700
13764
13809
13863
13938
14042
14087
14130
14219
14273
14324
14354
14460
14502
14577
14727
14796
15029
15200
15257
15304
15380
15557
15735
15891
15957
16043
16109
16184
16387
16486
16625
16823
16994
17173
17365
17467
17503
17575
17677
17815
17950
18071
18239
18338
18479
18683
18773
18887
19007
19078
19168
19354
19474
19567
19696
19813
19860
19947
20004
20192
20312
20439
20605
20806
20929
21016
21087
21204
21285
21324
21378
21498
21678
21771
21843
21945
21990
22043
22091
22271
22346
22492
22549
22645
22689
22764
22984
23104
23197
23300
23339
23372
23429
23453
23471
23629
23692
23767
24042
24102
24260
24338
24458
24542
24650
24797
24878
24953
25033
25095
25245
25470
25980
26180
26420
26538
26592
26787
26978
27102
27261
27333
27480
27690
27897
28055
28385
28451
28549
28672
28747
28860
28887
28889
28945
29067
29142
29208
29316
29427
29607
29709
29835
29979
30125
30194
30411
30624
30822
30897
31217
31562
31672
31755
32000
32266
32413
32785
32869
32912
32940
32998
33045
33312
33628
33686
33742
33768
33858
33909
33933
33951
33969
33996
34040
34088
34144
34285
34372
34438
34476
34520
34565
34649
34731
34824
34935
34967
35006
35083
35161
35193
35258
35308
35392
35397
35422
35455
35495
35573
35606
35649
35652
35653
35654
35679
35770
35890
36019
36087
36132
36234
36330
36432
36504
36558
36603
36675
36735
36834
36888
36954
37023
37135
37219
37312
37417
37436
37453
37513
37653
37779
37926
38216
38314
38599
38647
38694
38742
38796
38913
39000
39076
39151
39220
39292
39331
39363
39413
39542
39590
39695
39796
39987
40064
40082
40083
40121
40176
40362
40456
40549
40612
40666
40750
40804
40852
40900
40937
41005
41073
41163
41242
41254
41364
41622
41700
41823
41871
41925
42059
42127
42204
42271
42347
42422
42489
42490
42506
42547
42566
42569
42640
42709
42710
42740
42744
42764
42795
42856
42862
42865
42939
42948
42952
42953
42962
42979
42994
43079
43109
43233
43240
43258
43344
43564
43682
43809
